S1.var	S2.var	S3.var	S1.ref	S2.ref	S3.ref
2511	4140	4599	7489	5860	5401
2544	4177	4523	7456	5823	5477
304	11	776	9696	9989	9224
260	18	810	9740	9982	9190
1824	3082	1813	8176	6918	8187
1892	3104	1866	8108	6896	8134
1573	2857	1431	8427	7143	8569
1600	2971	1395	8400	7029	8605
548	2137	802	9452	7863	9198
594	2066	809	9406	7934	9191
465	252	291	9535	9748	9709
476	238	268	9524	9762	9732
1606	2947	1387	8394	7053	8613
485	232	298	9515	9768	9702
536	2079	772	9464	7921	9228
1594	2986	1357	8406	7014	8643
504	252	302	9496	9748	9698
1886	3059	1859	8114	6941	8141
1646	2915	1408	8354	7085	8592
2536	4224	4582	7464	5776	5418
581	2067	781	9419	7933	9219
1553	3018	1361	8447	6982	8639
1699	2863	1303	8301	7137	8697
1604	2939	1267	8396	7061	8733
519	279	306	9481	9721	9694
1608	2935	1369	8392	7065	8631
1630	2957	1354	8370	7043	8646
1647	2889	1415	8353	7111	8585
470	268	281	9530	9732	9719
1578	2934	1371	8422	7066	8629
1662	2987	1384	8338	7013	8616
462	223	290	9538	9777	9710
463	275	272	9537	9725	9728
503	279	302	9497	9721	9698
493	246	298	9507	9754	9702
1576	2875	1374	8424	7125	8626
1632	2890	1372	8368	7110	8628
1639	2881	1433	8361	7119	8567
481	235	271	9519	9765	9729
484	260	274	9516	9740	9726
1555	2913	1441	8445	7087	8559
1911	3040	1844	8089	6960	8156
264	15	831	9736	9985	9169
285	19	790	9715	9981	9210
2492	4114	4561	7508	5886	5439
1878	2998	1843	8122	7002	8157
1861	3161	1800	8139	6839	8200
507	239	250	9493	9761	9750
459	273	277	9541	9727	9723
489	257	284	9511	9743	9716
1655	2932	1383	8345	7068	8617
479	243	267	9521	9757	9733
1689	2912	1418	8311	7088	8582
468	247	305	9532	9753	9695
1632	3015	1377	8368	6985	8623
1580	2980	1433	8420	7020	8567
483	264	273	9517	9736	9727
506	242	310	9494	9758	9690
1700	2936	1387	8300	7064	8613
491	233	284	9509	9767	9716
1608	2903	1399	8392	7097	8601
2555	4066	4505	7445	5934	5495
1627	2873	1357	8373	7127	8643
434	262	321	9566	9738	9679
2531	4117	4526	7469	5883	5474
501	244	253	9499	9756	9747
471	249	288	9529	9751	9712
1847	3054	1779	8153	6946	8221
487	250	284	9513	9750	9716
1633	2924	1310	8367	7076	8690
2478	4124	4534	7522	5876	5466
1759	2943	1354	8241	7057	8646
1557	2896	1359	8443	7104	8641
1619	2856	1382	8381	7144	8618
291	10	847	9709	9990	9153
1679	2960	1390	8321	7040	8610
1939	3085	1790	8061	6915	8210
1649	2921	1332	8351	7079	8668
1627	2912	1408	8373	7088	8592
477	268	309	9523	9732	9691
